Success = 56.05095541401274%
Failure = 43.94904458598726%
